76800 4.347
76800 10.242
76800 4.54
76800 14.033
76800 6.143
76800 14.582
76800 4.725
76800 12.935
76800 4.997
76800 12.788
76800 5.348
76800 12.944
76800 4.878
76800 12.674
76800 9.208
76800 12.909
76800 16.896
76800 12.942
76800 15.997
76800 26.965
76800 13.715
76800 27.209
76800 17.854
76800 28.689
76800 13.486
76800 20.232
76800 6.875
76800 19.169
76800 13.165
76800 16.94
76800 16.888
76800 15.934
76800 11.255
76800 15.801
76800 14.478
76800 14.915
76800 15.637
76800 17.446
76800 17.82
76800 14.763
76800 15.315
76800 15.288
76800 16.134
76800 15.518
76800 15.905
76800 16.744
76800 19.419
76800 18.24
76800 19.005
76800 16.045
76800 22.948
76800 16.401
76800 21.088
76800 16.29
76800 20.974
76800 17.629
76800 20.824
76800 17.03
76800 21.462
76800 17.07
76800 23.257
76800 16.155
76800 21.717
76800 17.581
76800 22.509
76800 18.378
76800 22.679
76800 18.212
76800 20.392
76800 18.201
76800 24.298
76800 16.887
76800 22.011
76800 18.143
76800 20.333
76800 18.213
76800 24.328
76800 15.775
76800 22.069
76800 15.933
76800 20.881
76800 15.512
76800 24.739
76800 16.293
76800 24.247
76800 17.974
76800 23.329
76800 16.912
76800 23.967
76800 16.986
76800 25.181
76800 15.287
76800 21.51
76800 13.604
76800 21.175
76800 13.65
76800 22.805
76800 17.123
76800 24.156
76800 17.164
76800 27.166
76800 19.363
76800 26.204
76800 17.005
76800 22.316
76800 14.957
76800 21.924
76800 14.474
76800 17.696
76800 11.249
76800 24.021
76800 11.114
76800 22.264
76800 14.207
76800 23.25
76800 14.17
76800 23.455
76800 15.054
76800 25.25
76800 16.721
76800 22.067
76800 13.6
76800 22.867
76800 14.036
76800 18.881
76800 14.083
76800 24.551
76800 13.837
76800 24.682
76800 13.621
76800 23.311
76800 17.25
76800 27.943
76800 17.808
76800 22.448
76800 16.335
76800 23.165
76800 16.41
76800 24.534
76800 15.796
76800 24.249
76800 14.416
76800 22.997
76800 14.803
76800 26.3
76800 14.834
76800 25.085
76800 15.812
76800 25.323
76800 15.801
76800 25.404
76800 15.522
76800 24.174
76800 14.463
76800 20.741
76800 15.207
76800 22.444
76800 12.094
76800 25.863
76800 13.007
76800 27.17
76800 15.449
76800 26.329
76800 16.462
76800 26.639
76800 16.304
76800 27.761
76800 14.89
76800 26.71
76800 17.542
76800 23.713
76800 17.292
76800 25.149
76800 15.778
76800 25.287
76800 15.872
76800 24.92
76800 15.569
76800 25.718
76800 15.29
76800 24.703
76800 15.772
76800 22.14
76800 15.683
76800 22.22
76800 12.996
76800 20.105
76800 13.443
76800 22.76
76800 16.949
76800 25.737
76800 15.247
76800 23.93
76800 15.659
76800 25.606
76800 15.071
76800 22.819
76800 15.178
76800 25.586
76800 17.105
76800 25.918
76800 15.754
76800 24.718
76800 15.497
76800 23.011
76800 15.589
76800 16.669
76800 15.41
76800 25.188
76800 15.965
76800 23.967
76800 13.998
76800 16.929
76800 14.243
76800 22.671
76800 13.303
76800 22.985
76800 15.606
76800 20.069
76800 15.831
76800 27.118
76800 16.434
76800 24.652
76800 15.811
76800 22.579
76800 15.86
76800 21.675
76800 13.504
76800 22.965
76800 15.178
76800 23.761
76800 14.34
76800 23.258
76800 15.209
76800 25.582
76800 15.508
76800 22.657
76800 16.588
76800 22.862
76800 17.039
76800 27.417
76800 16.472
76800 24.854
76800 16.429
76800 24.619
76800 16.942
76800 26.251
76800 16.856
76800 25.182
76800 15.699
76800 26.023
76800 15.937
76800 25.768
76800 16.298
76800 20.03
76800 14.598
76800 23.579
76800 14.838
76800 20.718
76800 15.612
76800 23.206
76800 15.474
76800 25.163
76800 15.953
76800 25.252
76800 16.822
76800 26.643
76800 16.905
76800 26.816
76800 16.73
76800 25.584
76800 17.906
76800 23.646
76800 17.885
76800 23.672
76800 17.754
76800 26.674
76800 17.162
76800 21.862
76800 16.174
76800 25.243
76800 17.598
76800 25.765
76800 17.058
76800 24.524
76800 17.125
76800 26.243
76800 17.121
76800 20.498
76800 17.305
76800 21.877
76800 15.874
76800 26.218
76800 15.835
76800 18.209
76800 15.344
76800 18.686
76800 14.224
76800 25.414
76800 15.515
76800 23.668
76800 15.589
76800 21.153
76800 15.015
76800 28.217
76800 17.761
76800 21.152
76800 17.789
76800 25.542
76800 18.014
76800 22.728
76800 15.328
76800 20.185
76800 15.282
76800 26.348
76800 15.708
76800 27.352
76800 17.338
76800 23.369
76800 16.938
76800 23.973
76800 16.32
76800 21.844
76800 15.548
76800 26.16
76800 16.354
76800 28.393
76800 17.119
76800 23.604
76800 18.049
76800 27.147
76800 17.785
76800 26.923
76800 16.692
76800 28.929
76800 16.977
76800 29.144
76800 17.276
76800 27.04
76800 19.885
76800 25.273
76800 19.85
76800 30.38
76800 17.342
76800 28.138
76800 16.607
76800 25.914
76800 17.21
76800 28.224
76800 16.542
76800 23.799
76800 16.358
76800 26.109
76800 17.538
76800 28.323
76800 17.213
76800 21.087
76800 18.074
76800 28.152
76800 18.187
76800 26.787
76800 18.956
76800 28.511
76800 19.926
76800 27.965
76800 17.176
76800 28.761
76800 16.171
76800 27.377
76800 18.781
76800 29.993
76800 18.62
76800 24.867
76800 18.034
76800 29.773
76800 18.339
76800 28.513
76800 17.203
76800 24.868
76800 17.276
76800 28.872
76800 16.217
76800 27.001
76800 18.225
76800 28.395
76800 18.633
76800 26.641
76800 16.922
76800 23.851
76800 16.468
76800 25.418
76800 17.452
76800 26.379
76800 19.518
76800 25.218
76800 20.137
76800 26.595
76800 19.353
76800 30.887
76800 19.856
