1.2407e-005 1789.15
6.2035e-006 259.576
4.13567e-006 86.0382
3.10175e-006 41.6598
2.4814e-006 24.5488
1.2407e-006 5.0568
8.27133e-007 3.1266
6.2035e-007 2.2572
4.9628e-007 1.4832
4.13567e-007 1.0442
3.81754e-007 0.8556
3.54486e-007 0.5964
3.44639e-007 0.5198
3.35324e-007 0.462
3.29098e-007 0.424
3.265e-007 0.438
3.18128e-007 0.936
3.10175e-007 1.932
3.0261e-007 2.941
2.95405e-007 3.71
2.88535e-007 3.9098
2.75711e-007 4.3264
2.612e-007 4.3148
2.4814e-007 4.216
2.25582e-007 3.886
2.06783e-007 3.4304
1.90877e-007 2.95
1.77243e-007 2.5016
1.65427e-007 2.0748
1.55087e-007 1.74
1.37856e-007 1.4896
1.2407e-007 1.6352
1.12791e-007 1.7024
1.03392e-007 1.8998
9.54385e-008 2.1248
8.86214e-008 2.6832
8.55655e-008 2.8864
8.27133e-008 2.8704
7.75437e-008 2.5844
7.29824e-008 2.2876
6.89278e-008 2.048
6.53e-008 1.905
6.2035e-008 1.8318
5.9081e-008 2.025
5.7707e-008 2.192
5.63955e-008 2.3316
5.51422e-008 2.3436
5.39435e-008 2.1996
5.27957e-008 2.046
5.16958e-008 1.872
5.06408e-008 1.7226
4.9628e-008 1.577
4.86549e-008 1.4196
4.77192e-008 1.332
4.68189e-008 1.2282
4.59519e-008 1.157
4.51164e-008 1.1036
4.43107e-008 1.062
4.35333e-008 1.0374
4.27828e-008 1.0304
4.13567e-008 1.0044
4.00226e-008 0.9858
3.87719e-008 0.9752
3.7597e-008 0.918
3.64912e-008 0.8624
3.54486e-008 0.774
3.44639e-008 0.7832
3.265e-008 0.6942
3.10175e-008 0.666
2.95405e-008 0.63
2.81977e-008 0.594
2.69717e-008 0.576
2.58479e-008 0.5518
2.4814e-008 0.5104
2.38596e-008 0.4984
2.29759e-008 0.2992
2.21554e-008 0.4524
2.13914e-008 0.4176
2.06783e-008 0.3828
2.00113e-008 0.3696
1.93859e-008 0.3696
1.87985e-008 0.3696
1.82456e-008 0.3654
1.77243e-008 0.332
1.72319e-008 0.306
1.67662e-008 0.289
1.6325e-008 0.272
1.59064e-008 0.255
1.55088e-008 0.238
1.45965e-008 0.187
1.37856e-008 0.136
1.306e-008 0.1032
1.2407e-008 0.0696
