1.2407e-005 -8050.46
6.2035e-006 -2080.42
4.13567e-006 -928.872
3.10175e-006 -523.124
2.4814e-006 -335.173
1.2407e-006 -81.4625
8.27133e-007 -33.4512
6.2035e-007 -17.3995
4.9628e-007 -9.4905
4.13567e-007 -5.1
3.81754e-007 -3.4067
3.54486e-007 -1.9723
3.44639e-007 -1.224
3.35324e-007 -0.5029
3.29098e-007 0.1209
3.265e-007 0.4429
3.18128e-007 1.5604
3.10175e-007 2.2321
3.0261e-007 2.2704
2.95405e-007 1.9389
2.88535e-007 1.716
2.75711e-007 1.2177
2.612e-007 0.7965
2.4814e-007 0.5529
2.25582e-007 0.3069
2.06783e-007 0.1572
1.90877e-007 0.1701
1.77243e-007 0.2688
1.65427e-007 0.4715
1.55087e-007 0.7831
1.37856e-007 1.4553
1.2407e-007 1.818
1.12791e-007 1.9968
1.03392e-007 2.244
9.54385e-008 2.346
8.86214e-008 2.35
8.55655e-008 1.9152
8.27133e-008 1.5872
7.75437e-008 1.1883
7.29824e-008 1.0293
6.89278e-008 0.9984
6.53e-008 1.0504
6.2035e-008 1.16
5.9081e-008 1.26
5.7707e-008 1.2369
5.63955e-008 1.0387
5.51422e-008 0.7227
5.39435e-008 0.4853
5.27957e-008 0.3451
5.16958e-008 0.2716
5.06408e-008 0.2232
4.9628e-008 0.2136
4.86549e-008 0.2197
4.77192e-008 0.2624
4.68189e-008 0.316
4.59519e-008 0.3696
4.51164e-008 0.4077
4.43107e-008 0.4619
4.35333e-008 0.5032
4.27828e-008 0.5328
4.13567e-008 0.5733
4.00226e-008 0.584
3.87719e-008 0.5655
3.7597e-008 0.5499
3.64912e-008 0.5343
3.54486e-008 0.5371
3.44639e-008 0.5985
3.265e-008 0.64
3.10175e-008 0.6731
2.95405e-008 0.6875
2.81977e-008 0.7011
2.69717e-008 0.7076
2.58479e-008 0.696
2.4814e-008 0.6903
2.38596e-008 0.7137
2.29759e-008 0.7455
2.21554e-008 0.6893
2.13914e-008 0.6993
2.06783e-008 0.7085
2.00113e-008 0.7303
1.93859e-008 0.7303
1.87985e-008 0.7303
1.82456e-008 0.7128
1.77243e-008 0.6489
1.72319e-008 0.6901
1.67662e-008 0.6936
1.6325e-008 0.6969
1.59064e-008 0.7
1.55088e-008 0.7029
1.45965e-008 0.7104
1.37856e-008 0.7161
1.306e-008 0.736
1.2407e-008 0.7553
