2e-006 -423.867
1.907e-006 -388.08
1.771e-006 -331.757
1.653e-006 -289.882
1.55e-006 -253.926
1.5e-006 -235.256
1.459e-006 -220.241
1.378e-006 -194.412
1.305e-006 -172.727
1.24e-006 -154.786
1.2e-006 -142.536
1.181e-006 -137.776
1.127e-006 -124
1.078e-006 -110.896
1.033e-006 -98.4124
1e-006 -89.9539
9.919e-007 -88.1832
9.537e-007 -77.6061
9.5e-007 -76.6343
9.25e-007 -68.9472
9.184e-007 -67.774
9e-007 -64.6464
8.856e-007 -62.3865
8.75e-007 -61.248
8.551e-007 -60.7477
8.5e-007 -60.7563
8.266e-007 -61.5485
8.25e-007 -61.4936
7.999e-007 -63.5625
7.749e-007 -67.0431
7.514e-007 -68.4963
7.5e-007 -68.5444
7.293e-007 -68.8653
7.085e-007 -66.744
7e-007 -65.7072
6.888e-007 -64.3765
6.702e-007 -61.6001
6.526e-007 -58.9323
6.5e-007 -58.5232
6.358e-007 -56.5904
6.199e-007 -54.2604
6.048e-007 -51.9477
6e-007 -51.2676
5.904e-007 -49.8
5.767e-007 -47.8336
5.636e-007 -45.8821
5.51e-007 -43.9626
5.5e-007 -43.8383
5.391e-007 -42.0708
5.276e-007 -40.4647
5.166e-007 -38.7561
5.061e-007 -37.2
5e-007 -36.375
4.959e-007 -35.7909
4.769e-007 -33.157
4.592e-007 -30.7217
4.5e-007 -29.539
4.428e-007 -28.5868
4.275e-007 -26.7286
4.133e-007 -24.9269
4e-007 -23.3795
3.875e-007 -21.9725
3.757e-007 -20.607
3.647e-007 -19.4593
3.542e-007 -18.3418
3.5e-007 -17.837
3.444e-007 -17.2564
3.351e-007 -16.3653
3.263e-007 -15.4962
3.179e-007 -14.6495
3.1e-007 -13.9012
3e-007 -12.9559
2.917e-007 -12.252
2.755e-007 -10.8357
2.61e-007 -9.62842
2.48e-007 -8.6075
2.362e-007 -7.75452
2.254e-007 -6.94558
2.156e-007 -6.28022
2.066e-007 -5.6952
1.984e-007 -5.18424
