2e-006 89.01
1.907e-006 78.804
1.771e-006 64.782
1.653e-006 54.378
1.55e-006 46.08
1.5e-006 42.504
1.459e-006 39.634
1.378e-006 35.28
1.305e-006 32.472
1.24e-006 30.25
1.2e-006 29.04
1.181e-006 28.556
1.127e-006 26.88
1.078e-006 25.652
1.033e-006 25.2
1e-006 25.866
9.919e-007 26.0026
9.537e-007 28.282
9.5e-007 26.4624
9.25e-007 30.0546
9.184e-007 31.3968
9e-007 34.196
8.856e-007 36.7808
8.75e-007 38.9368
8.551e-007 42.3636
8.5e-007 42.9084
8.266e-007 45.5388
8.25e-007 45.705
7.999e-007 47.32
7.749e-007 45.236
7.514e-007 41.5484
7.5e-007 41.376
7.293e-007 36.6796
7.085e-007 32.0498
7e-007 30.4146
6.888e-007 28.5708
6.702e-007 25.632
6.526e-007 23.3036
6.5e-007 22.9026
6.358e-007 21.267
6.199e-007 19.448
6.048e-007 17.8364
6e-007 17.424
5.904e-007 16.445
5.767e-007 15.12
5.636e-007 13.974
5.51e-007 12.9042
5.5e-007 12.818
5.391e-007 11.9472
5.276e-007 11.1323
5.166e-007 10.3746
5.061e-007 9.7047
5e-007 9.35104
4.959e-007 9.1053
4.769e-007 8.062
4.592e-007 7.18704
4.5e-007 6.76092
4.428e-007 6.43448
4.275e-007 5.8032
4.133e-007 5.25092
4e-007 4.7628
3.875e-007 4.3332
3.757e-007 3.93984
3.647e-007 3.60602
3.542e-007 3.311
3.5e-007 3.18
3.444e-007 3.03576
3.351e-007 2.79328
3.263e-007 2.5754
3.179e-007 2.3808
3.1e-007 2.19912
3e-007 1.99272
2.917e-007 1.83222
2.755e-007 1.5378
2.61e-007 1.29998
2.48e-007 1.1172
2.362e-007 0.95976
2.254e-007 0.8184
2.156e-007 0.70782
2.066e-007 0.6214
1.984e-007 0.54264
