1.9375e-006 25.3552
1.61039e-006 12.5552
1.39326e-006 8.18634
1.21569e-006 5.7015
1.08772e-006 3.861
9.84127e-007 2.794
8.92086e-007 1.92542
8.21192e-007 1.62656
7.56098e-007 1.27148
7.04545e-007 1.06678
6.59574e-007 1.03516
6.16915e-007 1.37424
5.8216e-007 1.66054
5.48673e-007 2.1113
5.21008e-007 2.58044
4.96e-007 3.81264
4.71483e-007 4.84438
4.50909e-007 5.28264
4.30556e-007 5.6492
4.13333e-007 5.71736
3.97436e-007 5.73888
3.81538e-007 5.64436
3.67953e-007 5.6092
3.54286e-007 5.598
3.42541e-007 5.53816
3.31551e-007 5.57368
3.20413e-007 5.84584
3.10777e-007 5.79258
3.00971e-007 5.78034
2.92453e-007 5.59644
2.84404e-007 5.49486
2.76169e-007 5.28242
2.6898e-007 4.97628
2.61603e-007 4.7223
2.55144e-007 4.49008
2.48996e-007 4.33846
2.42661e-007 4.16328
2.37094e-007 4.05504
2.31343e-007 3.8922
2.26277e-007 3.8252
2.21429e-007 3.7102
2.16405e-007 3.6062
2.11966e-007 3.51
2.07358e-007 3.3904
2.03279e-007 3.39682
1.99357e-007 3.32766
1.95276e-007 3.28568
1.91654e-007 3.17592
1.87879e-007 3.04128
