1.9375e-006 -189.042
1.61039e-006 -125.351
1.39326e-006 -90.4265
1.21569e-006 -66.2185
1.08772e-006 -51.0496
9.84127e-007 -40.2741
8.92086e-007 -32.0407
8.21192e-007 -25.8113
7.56098e-007 -20.6011
7.04545e-007 -16.8177
6.59574e-007 -13.6482
6.16915e-007 -10.6619
5.8216e-007 -8.11267
5.48673e-007 -5.84213
5.21008e-007 -3.94616
4.96e-007 -2.27829
4.71483e-007 -1.7027
4.50909e-007 -1.759
4.30556e-007 -1.6922
4.13333e-007 -1.70216
3.97436e-007 -1.6494
3.81538e-007 -1.60489
3.67953e-007 -1.40063
3.54286e-007 -1.23196
3.42541e-007 -1.31024
3.31551e-007 -1.35529
3.20413e-007 -1.2308
3.10777e-007 -1.24255
3.00971e-007 -1.22742
2.92453e-007 -1.30678
2.84404e-007 -1.33226
2.76169e-007 -1.36651
2.6898e-007 -1.34641
2.61603e-007 -1.2365
2.55144e-007 -1.08044
2.48996e-007 -0.891261
2.42661e-007 -0.744529
2.37094e-007 -0.616896
2.31343e-007 -0.551009
2.26277e-007 -0.4155
2.21429e-007 -0.346329
2.16405e-007 -0.233769
2.11966e-007 -0.1325
2.07358e-007 -0.010416
2.03279e-007 0.138171
1.99357e-007 0.203899
1.95276e-007 0.292524
1.91654e-007 0.295191
1.87879e-007 0.227056
