0.00025 0.0095648
0.0002 0.006833
0.0001667 0.00492048
0.000125 0.00293948
0.0001 0.00198273
8.333e-005 0.00157274
7.143e-005 0.0012993
6.25e-005 0.00116263
5e-005 0
4e-005 0
3.03e-005 0
2.5e-005 0.000625878
2e-005 0.00195647
1.5e-005 0
1.45e-005 0
1.35e-005 0
1e-005 0.000462587
9e-006 0
8e-006 0.000104725
7e-006 0
6e-006 0
5e-006 1.36359e-006
4e-006 0
3.5e-006 0
3.4188e-006 0
3.3033e-006 0
3e-006 0
2.7144e-006 1.71965e-008
2.5e-006 0
2.4373e-006 0
2e-006 0
1.8e-006 0
1.696e-006 0
1.6e-006 0
1.532e-006 0
1.4e-006 0
1.372e-006 0
1.2e-006 0
1.144e-006 0
1.127e-006 9.83064e-005
1.078e-006 0.00039395
1.033e-006 0.00157476
9.919e-007 0.00419975
9.537e-007 0.00797557
9.184e-007 0.0126305
8.856e-007 0.0179095
8.551e-007 0.0239703
8.266e-007 0.03673
8.157e-007 0.044172
8.051e-007 0.044256
7.948e-007 0.051758
7.847e-007 0.05187
7.749e-007 0.059424
7.653e-007 0.059536
7.56e-007 0.067104
7.469e-007 0.067248
7.38e-007 0.0749
7.293e-007 0.07504
7.208e-007 0.082742
7.126e-007 0.082896
7.045e-007 0.090672
6.965e-007 0.098462
6.888e-007 0.098696
6.812e-007 0.09893
6.738e-007 0.10682
6.666e-007 0.11478
6.595e-007 0.122784
6.526e-007 0.123104
6.458e-007 0.131172
6.391e-007 0.13932
6.326e-007 0.147516
6.262e-007 0.171292
6.199e-007 0.171864
6.138e-007 0.188064
6.078e-007 0.19655
6.019e-007 0.19715
5.961e-007 0.213624
5.904e-007 0.23814
5.848e-007 0.23898
5.794e-007 0.215838
5.74e-007 0.24072
5.687e-007 0.273768
5.636e-007 0.258688
5.585e-007 0.308332
5.535e-007 0.260672
5.486e-007 0.359832
5.438e-007 0.361328
5.391e-007 0.395808
5.344e-007 0.3726
5.299e-007 0.357674
5.254e-007 0.442762
5.209e-007 0.469952
5.166e-007 0.5058
5.123e-007 0.5082
5.081e-007 0.61272
5.04e-007 0.564564
4.999e-007 0.627508
4.959e-007 0.63072
4.92e-007 0.668822
4.881e-007 0.689986
4.843e-007 0.728906
4.806e-007 0.830208
4.769e-007 0.79956
4.732e-007 1.07184
4.696e-007 1.0788
4.661e-007 1.2119
4.626e-007 1.19289
4.592e-007 1.19158
4.558e-007 1.20913
4.525e-007 1.23637
4.492e-007 1.39524
4.46e-007 1.40596
4.428e-007 1.54948
4.397e-007 1.62894
4.366e-007 1.78747
4.335e-007 1.80264
4.305e-007 1.90741
4.275e-007 2.01417
4.246e-007 2.1138
4.217e-007 2.30645
4.189e-007 2.49319
4.161e-007 2.63364
4.133e-007 2.80944
4.105e-007 3.07529
4.078e-007 3.34847
4.052e-007 3.56636
4.025e-007 3.90003
4e-007 4.31118
3.974e-007 4.70413
3.949e-007 5.23853
3.924e-007 5.90042
3.899e-007 6.67366
3.875e-007 7.63812
3.85e-007 8.83218
3.827e-007 10.2951
3.803e-007 12.1943
3.78e-007 14.6187
3.757e-007 17.7118
3.734e-007 21.4848
3.712e-007 25.5405
3.69e-007 29.4946
3.668e-007 32.9394
3.647e-007 35.3492
3.625e-007 36.3341
3.604e-007 36.2904
3.583e-007 35.5998
3.563e-007 34.742
3.542e-007 33.7722
3.522e-007 33.09
3.502e-007 32.5432
3.483e-007 32.0827
3.463e-007 31.8026
3.444e-007 31.6701
3.425e-007 31.566
3.406e-007 31.4906
3.388e-007 31.4322
3.369e-007 31.4883
3.351e-007 31.5547
3.333e-007 31.6254
3.315e-007 31.713
3.297e-007 31.8947
3.28e-007 31.9977
3.263e-007 32.2134
3.246e-007 32.4338
3.229e-007 32.6592
3.212e-007 32.9902
3.195e-007 33.239
3.179e-007 33.6072
3.163e-007 33.9814
3.147e-007 34.3617
3.131e-007 34.8395
3.115e-007 35.3535
3.1e-007 35.9417
3.084e-007 36.6095
3.069e-007 37.3339
3.054e-007 38.1319
3.039e-007 39.0132
3.024e-007 39.9492
3.009e-007 40.9581
2.995e-007 42.0316
2.98e-007 43.1506
2.966e-007 44.2714
2.952e-007 45.3509
2.938e-007 46.2433
2.924e-007 46.7569
2.91e-007 46.6799
2.897e-007 45.7794
2.883e-007 44.0879
2.87e-007 41.8694
2.857e-007 39.5016
2.844e-007 37.2916
2.831e-007 35.2671
2.818e-007 33.3466
2.805e-007 31.5482
2.792e-007 29.7862
2.78e-007 28.1124
2.768e-007 26.4813
2.755e-007 24.912
2.743e-007 23.4415
2.731e-007 22.0406
2.719e-007 20.7537
2.707e-007 19.6182
2.695e-007 18.5997
2.684e-007 17.6899
2.672e-007 16.8885
2.661e-007 16.208
2.649e-007 15.6078
2.638e-007 15.0928
2.627e-007 14.629
2.616e-007 14.2145
2.605e-007 13.8338
2.594e-007 13.4877
2.583e-007 13.1944
2.572e-007 12.9074
2.562e-007 12.641
2.551e-007 12.4101
2.541e-007 12.1854
2.53e-007 11.9743
2.52e-007 11.802
2.51e-007 11.6266
2.5e-007 11.4771
2.49e-007 11.3337
2.48e-007 11.1941
2.47e-007 11.0866
2.46e-007 10.9885
2.45e-007 10.9108
2.441e-007 10.8361
2.431e-007 10.7739
2.422e-007 10.7216
2.412e-007 10.7025
2.403e-007 10.6817
2.394e-007 10.6674
2.384e-007 10.659
2.375e-007 10.6568
2.366e-007 10.6406
2.357e-007 10.6339
2.348e-007 10.6068
2.339e-007 10.5888
2.331e-007 10.5173
2.322e-007 10.4149
2.313e-007 10.2791
2.305e-007 10.1175
2.296e-007 9.90277
2.288e-007 9.70751
2.279e-007 9.4872
2.271e-007 9.26185
2.263e-007 9.04096
2.254e-007 8.84936
2.246e-007 8.66583
2.238e-007 8.48767
2.23e-007 8.3072
2.222e-007 8.16684
2.214e-007 7.99576
2.206e-007 7.8793
2.198e-007 7.74504
2.191e-007 7.6293
2.183e-007 7.49265
2.175e-007 7.34432
2.168e-007 7.2897
2.16e-007 7.18421
2.153e-007 7.09863
2.145e-007 6.97296
2.138e-007 6.89997
2.13e-007 6.76995
2.123e-007 6.68727
2.116e-007 6.62302
2.109e-007 6.49971
2.101e-007 6.45901
2.094e-007 6.34082
2.087e-007 6.26168
2.08e-007 6.15885
2.073e-007 6.06682
2.066e-007 6.771
2.066e-007 5.87618
1.984e-007 5.59504
1.907e-007 4.62462
1.837e-007 3.90096
1.771e-007 3.3418
1.71e-007 2.86752
1.653e-007 2.48846
1.6e-007 2.1714
1.55e-007 1.912
1.503e-007 1.6872
1.459e-007 1.50696
1.417e-007 1.34594
1.378e-007 1.21844
1.34e-007 1.09968
1.305e-007 1.00264
1.272e-007 0.9222
1.24e-007 0.84456
1.21e-007 0.7788
1.181e-007 0.72072
1.153e-007 0.67276
1.127e-007 0.63104
1.102e-007 0.59274
1.078e-007 0.55756
1.055e-007 0.52318
1.033e-007 0.494982
1.012e-007 0.470016
9.919e-008 0.44625
9.724e-008 0.426496
9.537e-008 0.408672
9.357e-008 0.392544
9.184e-008 0.37842
9.017e-008 0.364226
8.856e-008 0.35255
8.7e-008 0.341134
8.551e-008 0.330048
8.406e-008 0.320272
8.266e-008 0.31008
8.13e-008 0.299854
7.999e-008 0.2907
7.872e-008 0.280386
7.749e-008 0.27186
7.63e-008 0.262038
7.514e-008 0.252396
7.469e-008 0.249084
7.424e-008 0.244834
7.38e-008 0.242408
7.293e-008 0.235024
7.187e-008 0.22605
7.085e-008 0.21726
6.985e-008 0.20856
6.888e-008 0.19929
6.702e-008 0.18333
6.526e-008 0.167564
6.5e-008 0.115938
6.4e-008 0.106
6.358e-008 0.15176
6.3e-008 0.102114
6.2e-008 0.094689
6.1e-008 0.08732
6e-008 0.0793
5.9e-008 0.072732
5.8e-008 0.065688
5.7e-008 0.059969
5.6e-008 0.054675
5.5e-008 0.050443
5.4e-008 0.04589
5.3e-008 0.0421648
5.2e-008 0.0389136
5.1e-008 0.0365472
5e-008 0.0341636
4.9e-008 0.031898
4.8e-008 0.0304128
4.7e-008 0.0285868
4.6e-008 0.0273504
4.5e-008 0.0260384
4.4e-008 0.0253536
4.3e-008 0.0247842
4.2e-008 0.0242252
4.1e-008 0.023736
4e-008 0.023463
3.9e-008 0.0231528
3.8e-008 0.022656
3.7e-008 0.0221464
3.6e-008 0.0217558
3.5e-008 0.0212004
3.4e-008 0.0206338
3.3e-008 0.01836
3.2e-008 0.01924
3.1e-008 0.0186
3e-008 0.017803
2.9e-008 0.016956
2.8e-008 0.0159096
2.7e-008 0.0149464
2.6e-008 0.0139576
2.5e-008 0.012864
2.4e-008 0.0117608
2.3e-008 0.0107061
2.2e-008 0.00972
2.1e-008 0.00864736
2e-008 0.00768708
1.9e-008 0.00673652
1.8e-008 0.0058509
1.7e-008 0.00501904
1.6e-008 0.0042613
1.5e-008 0.00353508
1.4e-008 0.00286
1.36e-008 0.0026208
1.32e-008 0.0024528
1.3e-008 0.0023278
1.28e-008 0.00225412
1.26e-008 0.00210936
1.25e-008 0.002068
1.24e-008 0.00317856
1.23e-008 0.0103
1.22e-008 0.0492
1.216e-008 0.0536628
1.192e-008 0.0518758
1.159e-008 0.0497458
1.127e-008 0.0479864
1.107e-008 0.0467118
1.078e-008 0.0452362
1.051e-008 0.0437816
1.025e-008 0.0423389
9.998e-009 0.0411065
9.762e-009 0.039882
9.537e-009 0.0386623
9.322e-009 0.0374473
9.116e-009 0.0364349
8.856e-009 0.0352216
8.67e-009 0.0342142
8.434e-009 0.0330058
8.266e-009 0.0322004
8.051e-009 0.0311928
7.847e-009 0.0301832
7.653e-009 0.0287781
7.469e-009 0.0287781
7.293e-009 0.0253891
7.125e-009 0.0239984
6.965e-009 0.0226094
6.812e-009 0.0212211
6.63e-009 0.0198334
6.491e-009 0.0187628
6.325e-009 0.0174357
6.168e-009 0.0162278
6.018e-009 0.0151388
5.876e-009 0.0141288
5.74e-009 0.0131587
5.61e-009 0.0122876
5.462e-009 0.0113176
5.344e-009 0.0106048
5.209e-009 0.00981262
5.081e-009 0.00907958
4.959e-009 0.00840594
4.843e-009 0.00781143
4.732e-009 0.00725642
4.609e-009 0.00668149
4.508e-009 0.00622532
4.396e-009 0.00572936
4.29e-009 0.00531271
4.188e-009 0.00491574
4.092e-009 0.00455838
3.986e-009 0.00418106
3.899e-009 0.00388307
3.803e-009 0.00358506
3.712e-009 0.00330679
3.625e-009 0.00304834
3.532e-009 0.00280974
3.453e-009 0.00261086
3.369e-009 0.00239201
3.289e-009 0.00221294
3.212e-009 0.00203378
3.131e-009 0.00187255
3.054e-009 0.00172122
2.987e-009 0.00159775
2.91e-009 0.0014643
2.844e-009 0.00135074
2.774e-009 0.00124114
2.707e-009 0.00114149
2.643e-009 0.0010518
2.583e-009 0.000972052
2.52e-009 0.000892301
2.46e-009 0.000820512
2.403e-009 0.000756689
2.344e-009 0.000692862
2.287e-009 0.000636998
2.234e-009 0.000587124
2.179e-009 0.000537236
2.127e-009 0.000493333
2.077e-009 0.000453414
2.026e-009 0.000415492
1.977e-009 0.000381553
1.931e-009 0.000351609
1.884e-009 0.000321659
1.839e-009 0.000295701
1.797e-009 0.000271739
1.754e-009 0.000249772
1.71e-009 0.000227803
1.671e-009 0.000209827
1.631e-009 0.000193048
1.592e-009 0.000176668
1.554e-009 0.000162085
1.516e-009 0.0001483
1.479e-009 0.000135913
1.445e-009 0.000124924
1.41e-009 0.000114533
1.376e-009 0.000104742
1.343e-009 9.59495e-005
1.312e-009 8.81559e-005
1.281e-009 8.07615e-005
1.25e-009 7.39666e-005
1.22e-009 6.77708e-005
1.191e-009 6.19746e-005
1.162e-009 5.6778e-005
1.134e-009 5.19808e-005
1.108e-009 4.77832e-005
1.081e-009 4.35855e-005
1.055e-009 3.99874e-005
1.03e-009 3.6589e-005
1.005e-009 3.33905e-005
9.816e-010 3.05917e-005
9.581e-010 2.79928e-005
9.35e-010 2.55938e-005
9.129e-010 2.33946e-005
8.906e-010 2.13953e-005
8.694e-010 1.96159e-005
8.492e-010 1.79765e-005
8.287e-010 1.64369e-005
8.087e-010 1.49774e-005
7.897e-010 1.36977e-005
7.705e-010 1.24781e-005
7.523e-010 1.13983e-005
7.345e-010 1.03986e-005
7.166e-010 9.47881e-006
6.997e-010 8.63901e-006
6.831e-010 7.8593e-006
6.665e-010 8.15944e-005
6.508e-010 7.51941e-005
6.351e-010 6.9194e-005
6.199e-010 6.37939e-005
