0.00025 11.6691
0.0002 11.6725
0.0001667 11.6759
0.000125 11.6827
0.0001 11.6861
8.333e-005 11.6896
7.143e-005 11.6909
6.25e-005 11.693
5e-005 11.6943
4e-005 11.6957
3.03e-005 11.6964
2.5e-005 11.6971
2e-005 11.6991
1.5e-005 11.7012
1.45e-005 11.7019
1.35e-005 11.7026
1e-005 11.7067
9e-006 11.7094
8e-006 11.7128
7e-006 11.7176
6e-006 11.7251
5e-006 11.7382
4e-006 11.7608
3.5e-006 11.7793
3.4188e-006 11.7834
3.3033e-006 11.7889
3e-006 11.8068
2.7144e-006 11.8288
2.5e-006 11.8501
2.4373e-006 11.857
2e-006 11.8956
1.8e-006 11.9564
1.696e-006 12.0021
1.6e-006 12.0478
1.532e-006 12.0993
1.4e-006 12.1634
1.372e-006 12.2549
1.2e-006 12.3855
1.144e-006 12.4574
1.127e-006 12.5047
1.078e-006 12.5961
1.033e-006 12.6935
9.919e-007 12.7971
9.537e-007 12.9068
9.184e-007 13.0227
8.856e-007 13.1435
8.551e-007 13.2707
8.266e-007 13.4909
8.157e-007 13.5497
8.051e-007 13.6013
7.948e-007 13.6678
7.847e-007 13.727
7.749e-007 13.7937
7.653e-007 13.8458
7.56e-007 13.8979
7.469e-007 13.9576
7.38e-007 14.0249
7.293e-007 14.0774
7.208e-007 14.145
7.126e-007 14.1977
7.045e-007 14.2731
6.965e-007 14.3412
6.888e-007 14.4094
6.812e-007 14.4779
6.738e-007 14.554
6.666e-007 14.6381
6.595e-007 14.7223
6.526e-007 14.7992
6.458e-007 14.8839
6.391e-007 14.9766
6.326e-007 15.0696
6.262e-007 15.155
6.199e-007 15.2564
6.138e-007 15.3501
6.078e-007 15.4521
6.019e-007 15.5466
5.961e-007 15.6492
5.904e-007 15.7521
5.848e-007 15.8634
5.794e-007 15.9753
5.74e-007 16.0952
5.687e-007 16.2075
5.636e-007 16.3367
5.585e-007 16.4578
5.535e-007 16.5883
5.486e-007 16.718
5.438e-007 16.8573
5.391e-007 16.9968
5.344e-007 17.1376
5.299e-007 17.2954
5.254e-007 17.4445
5.209e-007 17.6033
5.166e-007 17.7626
5.123e-007 17.9316
5.081e-007 18.0998
5.04e-007 18.2884
4.999e-007 18.4675
4.959e-007 18.6571
4.92e-007 18.8557
4.881e-007 19.0644
4.843e-007 19.274
4.806e-007 19.4922
4.769e-007 19.7233
4.732e-007 19.9308
4.696e-007 20.1906
4.661e-007 20.4305
4.626e-007 20.7126
4.592e-007 20.987
4.558e-007 21.2811
4.525e-007 21.5862
4.492e-007 21.8989
4.46e-007 22.2373
4.428e-007 22.5644
4.397e-007 22.9248
4.366e-007 23.3043
4.335e-007 23.7022
4.305e-007 24.1294
4.275e-007 24.5703
4.246e-007 25.0456
4.217e-007 25.5314
4.189e-007 26.0423
4.161e-007 26.6019
4.133e-007 27.1969
4.105e-007 27.836
4.078e-007 28.5138
4.052e-007 29.2682
4.025e-007 30.047
4e-007 30.8751
3.974e-007 31.7947
3.949e-007 32.7856
3.924e-007 33.8739
3.899e-007 35.064
3.875e-007 36.3509
3.85e-007 37.7444
3.827e-007 39.2276
3.803e-007 40.7353
3.78e-007 42.1301
3.757e-007 43.2683
3.734e-007 43.73
3.712e-007 43.1383
3.69e-007 41.4767
3.668e-007 38.7714
3.647e-007 35.1924
3.625e-007 31.4965
3.604e-007 28.1955
3.583e-007 25.6188
3.563e-007 23.6864
3.542e-007 22.412
3.522e-007 21.4152
3.502e-007 20.6753
3.483e-007 20.0963
3.463e-007 19.5925
3.444e-007 19.1075
3.425e-007 18.6781
3.406e-007 18.3033
3.388e-007 17.9612
3.369e-007 17.5804
3.351e-007 17.2207
3.333e-007 16.8716
3.315e-007 16.5532
3.297e-007 16.1621
3.28e-007 15.8737
3.263e-007 15.5418
3.246e-007 15.2186
3.229e-007 14.904
3.212e-007 14.5324
3.195e-007 14.2543
3.179e-007 13.9378
3.163e-007 13.628
3.147e-007 13.3252
3.131e-007 13.0106
3.115e-007 12.6362
3.1e-007 12.2335
3.084e-007 11.8277
3.069e-007 11.3419
3.054e-007 10.7756
3.039e-007 10.1172
3.024e-007 9.36796
3.009e-007 8.42475
2.995e-007 7.31638
2.98e-007 5.9783
2.966e-007 4.34308
2.952e-007 2.37222
2.938e-007 -0.067319
2.924e-007 -2.93153
2.91e-007 -6.12934
2.897e-007 -9.45548
2.883e-007 -12.4106
2.87e-007 -14.7679
2.857e-007 -16.3333
2.844e-007 -17.4503
2.831e-007 -18.2164
2.818e-007 -18.8239
2.805e-007 -19.2877
2.792e-007 -19.6102
2.78e-007 -19.8124
2.768e-007 -19.8867
2.755e-007 -19.8193
2.743e-007 -19.6392
2.731e-007 -19.3437
2.719e-007 -18.9332
2.707e-007 -18.4562
2.695e-007 -17.9315
2.684e-007 -17.3548
2.672e-007 -16.7922
2.661e-007 -16.2369
2.649e-007 -15.7041
2.638e-007 -15.1896
2.627e-007 -14.7154
2.616e-007 -14.2798
2.605e-007 -13.8489
2.594e-007 -13.45
2.583e-007 -13.0835
2.572e-007 -12.7297
2.562e-007 -12.4008
2.551e-007 -12.0893
2.541e-007 -11.7709
2.53e-007 -11.5046
2.52e-007 -11.2254
2.51e-007 -10.9598
2.5e-007 -10.695
2.49e-007 -10.465
2.48e-007 -10.2443
2.47e-007 -10.0203
2.46e-007 -9.81939
2.45e-007 -9.62777
2.441e-007 -9.4445
2.431e-007 -9.29
2.422e-007 -9.14013
2.412e-007 -8.99208
2.403e-007 -8.89465
2.394e-007 -8.79437
2.384e-007 -8.7244
2.375e-007 -8.66794
2.366e-007 -8.65105
2.357e-007 -8.65424
2.348e-007 -8.68349
2.339e-007 -8.74937
2.331e-007 -8.82381
2.322e-007 -8.92019
2.313e-007 -9.01475
2.305e-007 -9.08742
2.296e-007 -9.16611
2.288e-007 -9.19486
2.279e-007 -9.21744
2.271e-007 -9.18623
2.263e-007 -9.16072
2.254e-007 -9.1076
2.246e-007 -9.05146
2.238e-007 -8.98589
2.23e-007 -8.89163
2.222e-007 -8.81976
2.214e-007 -8.72343
2.206e-007 -8.65088
2.198e-007 -8.54928
2.191e-007 -8.45598
2.183e-007 -8.4002
2.175e-007 -8.29214
2.168e-007 -8.24178
2.16e-007 -8.1685
2.153e-007 -8.1093
2.145e-007 -8.0724
2.138e-007 -7.98834
2.13e-007 -7.89846
2.123e-007 -7.86034
2.116e-007 -7.81562
2.109e-007 -7.73843
2.101e-007 -7.71944
2.094e-007 -7.63447
2.087e-007 -7.48961
2.08e-007 -7.57302
2.073e-007 -7.49989
2.066e-007 -8.0704
2.066e-007 -7.44218
1.984e-007 -7.41508
1.907e-007 -6.73549
1.837e-007 -6.08486
1.771e-007 -5.53738
1.71e-007 -5.00048
1.653e-007 -4.56713
1.6e-007 -4.14271
1.55e-007 -3.77152
1.503e-007 -3.41286
1.459e-007 -3.141
1.417e-007 -2.84158
1.378e-007 -2.62091
1.34e-007 -2.3753
1.305e-007 -2.16988
1.272e-007 -2.00138
1.24e-007 -1.81076
1.21e-007 -1.65538
1.181e-007 -1.5058
1.153e-007 -1.38682
1.127e-007 -1.27162
1.102e-007 -1.16081
1.078e-007 -1.05443
1.055e-007 -0.953019
1.033e-007 -0.86132
1.012e-007 -0.777188
9.919e-008 -0.7006
9.724e-008 -0.628353
9.537e-008 -0.5607
9.357e-008 -0.497383
9.184e-008 -0.439571
9.017e-008 -0.385968
8.856e-008 -0.335256
8.7e-008 -0.289488
8.551e-008 -0.245385
8.406e-008 -0.205065
8.266e-008 -0.167684
8.13e-008 -0.131472
7.999e-008 -0.098171
7.872e-008 -0.066352
7.749e-008 -0.036211
7.63e-008 -0.00724
7.514e-008 0.019197
7.469e-008 0.028987
7.424e-008 0.039312
7.38e-008 0.0504
7.293e-008 0.069993
7.187e-008 0.093296
7.085e-008 0.116451
6.985e-008 0.137431
6.888e-008 0.159064
6.702e-008 0.199504
6.526e-008 0.237627
6.5e-008 0.2504
6.4e-008 0.2709
6.358e-008 0.274164
6.3e-008 0.292752
6.2e-008 0.314517
6.1e-008 0.342624
6e-008 0.367875
5.9e-008 0.389765
5.8e-008 0.412135
5.7e-008 0.432211
5.6e-008 0.453985
5.5e-008 0.476149
5.4e-008 0.49738
5.3e-008 0.520431
5.2e-008 0.542472
5.1e-008 0.564914
5e-008 0.586259
4.9e-008 0.604864
4.8e-008 0.626895
4.7e-008 0.644492
4.6e-008 0.662314
4.5e-008 0.678726
4.4e-008 0.695325
4.3e-008 0.710433
4.2e-008 0.727407
4.1e-008 0.73941
4e-008 0.754979
3.9e-008 0.768955
3.8e-008 0.783061
3.7e-008 0.797295
3.6e-008 0.808055
3.5e-008 0.820699
3.4e-008 0.833441
3.3e-008 0.842624
3.2e-008 0.855517
3.1e-008 0.8648
3e-008 0.877879
2.9e-008 0.887283
2.8e-008 0.896738
2.7e-008 0.906242
2.6e-008 0.913883
2.5e-008 0.921555
2.4e-008 0.929259
2.3e-008 0.936993
2.2e-008 0.944759
2.1e-008 0.952556
2e-008 0.956469
1.9e-008 0.964312
1.8e-008 0.970216
1.7e-008 0.976138
1.6e-008 0.982076
1.5e-008 0.986046
1.4e-008 0.999998
1.36e-008 1.01606
1.32e-008 1.04448
1.3e-008 1.0609
1.28e-008 1.06915
1.26e-008 1.06915
1.25e-008 1.06915
1.24e-008 1.06502
1.23e-008 1.06088
1.22e-008 1.05005
1.216e-008 1.04809
1.192e-008 1.02592
1.159e-008 1.01344
1.127e-008 1.00724
1.107e-008 1.00426
1.078e-008 1.00109
1.051e-008 0.998681
1.025e-008 0.996673
9.998e-009 0.995041
9.762e-009 0.993709
9.537e-009 0.992536
9.322e-009 0.991543
9.116e-009 0.990665
8.856e-009 0.989632
8.67e-009 0.988933
8.434e-009 0.988059
8.266e-009 0.987456
8.051e-009 0.986597
7.847e-009 0.98556
7.653e-009 0.984548
7.469e-009 0.984548
7.293e-009 0.983424
7.125e-009 0.983263
6.965e-009 0.98322
6.812e-009 0.983235
6.63e-009 0.983309
6.491e-009 0.98336
6.325e-009 0.98357
6.168e-009 0.983838
6.018e-009 0.984125
5.876e-009 0.98439
5.74e-009 0.984734
5.61e-009 0.985097
5.462e-009 0.98556
5.344e-009 0.985941
5.209e-009 0.986382
5.081e-009 0.986803
4.959e-009 0.987243
4.843e-009 0.987663
4.732e-009 0.988082
4.609e-009 0.988562
4.508e-009 0.988941
4.396e-009 0.98938
4.29e-009 0.989799
4.188e-009 0.990198
4.092e-009 0.990577
3.986e-009 0.990996
3.899e-009 0.991335
3.803e-009 0.991714
3.712e-009 0.992053
3.625e-009 0.992392
3.532e-009 0.992731
3.453e-009 0.99303
3.369e-009 0.99335
3.289e-009 0.993649
3.212e-009 0.993908
3.131e-009 0.994208
3.054e-009 0.994467
2.987e-009 0.994706
2.91e-009 0.994966
2.844e-009 0.995185
2.774e-009 0.995405
2.707e-009 0.995624
2.643e-009 0.995824
2.583e-009 0.996004
2.52e-009 0.996203
2.46e-009 0.996383
2.403e-009 0.996543
2.344e-009 0.996723
2.287e-009 0.996862
2.234e-009 0.997022
2.179e-009 0.997162
2.127e-009 0.997302
2.077e-009 0.997422
2.026e-009 0.997561
1.977e-009 0.997661
1.931e-009 0.997781
1.884e-009 0.997881
1.839e-009 0.997981
1.797e-009 0.998083
1.754e-009 0.998177
1.71e-009 0.998269
1.671e-009 0.998349
1.631e-009 0.998429
1.592e-009 0.998507
1.554e-009 0.998578
1.516e-009 0.99865
1.479e-009 0.998716
1.445e-009 0.998776
1.41e-009 0.998836
1.376e-009 0.998894
1.343e-009 0.998948
1.312e-009 0.999
1.281e-009 0.999048
1.25e-009 0.999096
1.22e-009 0.99914
1.191e-009 0.999182
1.162e-009 0.999224
1.134e-009 0.999262
1.108e-009 0.999298
1.081e-009 0.999334
1.055e-009 0.999368
1.03e-009 0.9994
1.005e-009 0.99943
9.816e-010 0.999458
9.581e-010 0.999486
9.35e-010 0.999512
9.129e-010 0.999538
8.906e-010 0.999562
8.694e-010 0.999584
8.492e-010 0.999606
8.287e-010 0.999628
8.087e-010 0.999648
7.897e-010 0.999668
7.705e-010 0.999688
7.523e-010 0.999708
7.345e-010 0.999726
7.166e-010 0.999748
6.997e-010 0.99977
6.831e-010 0.999823
6.665e-010 0.999864
6.508e-010 0.999844
6.351e-010 0.999826
6.199e-010 0.99981
