0.0005 3.82196
0.00025 3.8298
0.0001667 3.83761
0.000125 3.8493
0.0001 3.86884
4e-005 4.40788
3.636e-005 4.60647
3.333e-005 4.87961
3.077e-005 5.20819
2.857e-005 5.68564
2.667e-005 6.39677
2.5e-005 7.34451
2.381e-005 7.9351
2.273e-005 6.956
2.174e-005 0.082764
2.128e-005 -3.50984
2.105e-005 -3.9244
2.083e-005 -2.89455
2.041e-005 -1.30466
2e-005 -0.237969
1.961e-005 0.509888
1.923e-005 0.930275
1.897e-005 1.20579
1.852e-005 1.40894
1.786e-005 1.69877
1.724e-005 1.89311
1.667e-005 2.04728
1.6e-005 2.2152
1.538e-005 2.3849
1.481e-005 2.52538
1.429e-005 2.6748
1.379e-005 2.85856
1.333e-005 3.05221
1.316e-005 3.12798
1.299e-005 3.22457
1.282e-005 3.2041
1.266e-005 3.10193
1.25e-005 2.95536
1.235e-005 2.77712
1.22e-005 2.64463
1.205e-005 2.53694
1.19e-005 2.57954
1.176e-005 2.706
1.163e-005 2.84264
1.136e-005 3.17665
1.111e-005 3.4906
1.081e-005 4.15133
1.053e-005 4.93577
1.026e-005 5.93934
1e-005 6.99855
9.756e-006 7.13448
9.524e-006 4.8951
9.302e-006 -0.0451
9.174e-006 -4.30544
9.091e-006 -5.41465
9.009e-006 -4.81114
8.929e-006 -3.28523
8.85e-006 -2.21395
8.772e-006 -1.58913
8.696e-006 -1.18323
8.621e-006 -0.93669
8.547e-006 -0.739701
8.475e-006 -0.590164
8.403e-006 -0.481871
8.333e-006 -0.382841
8.265e-006 -0.290407
8.197e-006 -0.215823
8.13e-006 -0.144205
8.065e-006 -0.0443884
8e-006 0.0648387
7.937e-006 0.172087
7.874e-006 0.280255
7.813e-006 0.38248
7.752e-006 0.492947
7.692e-006 0.594446
7.634e-006 0.674534
7.576e-006 0.7396
7.519e-006 0.791566
7.463e-006 0.841806
7.407e-006 0.900002
7.353e-006 0.941288
7.246e-006 1.0282
7.143e-006 1.1087
7.042e-006 1.17506
6.944e-006 1.22545
6.849e-006 1.28823
6.757e-006 1.34096
6.667e-006 1.38057
6.452e-006 1.4689
6.25e-006 1.53508
5.882e-006 1.63325
5.556e-006 1.7056
5e-006 1.80095
4.545e-006 1.86322
4.167e-006 1.91269
3.846e-006 1.94602
3.7067e-006 1.95821
3.5564e-006 1.97172
3.507e-006 1.97594
3.422e-006 1.983
3.3026e-006 1.99247
3.2668e-006 1.99524
3.2439e-006 1.99696
2.4374e-006 2.04762
2.32542e-006 2.05326
2.1526e-006 2.06141
2.0581e-006 2.0656
1.97009e-006 2.06931
1.81307e-006 2.07559
1.70913e-006 2.07951
1.6932e-006 2.08011
1.681e-006 2.08055
1.6606e-006 2.0813
1.52952e-006 2.08592
1.4695e-006 2.08794
1.39506e-006 2.09045
1.3622e-006 2.09152
1.12866e-006 2.09925
1.08297e-006 2.10079
1.01398e-006 2.10323
8.9435e-007 2.10787
8.52111e-007 2.1097
7.06519e-007 2.11746
6.67815e-007 2.12017
6.56272e-007 2.12101
6.43847e-007 2.122
5.89262e-007 2.12696
5.87561e-007 2.12713
5.79065e-007 2.12801
5.76959e-007 2.12824
5.46074e-007 2.13183
5.08582e-007 2.13706
4.86133e-007 2.14075
4.67816e-007 2.14415
4.35835e-007 2.15118
4.04656e-007 2.15975
3.65015e-007 2.17424
3.61051e-007 2.17598
3.4662e-007 2.18289
3.40365e-007 2.1862
3.34148e-007 2.18969
3.30259e-007 2.19197
3.0215e-007 2.21173
2.96728e-007 2.21632
2.8936e-007 2.22305
2.80347e-007 2.23216
2.75278e-007 2.23778
2.69885e-007 2.24415
2.65204e-007 2.25012
2.48272e-007 2.2753
2.39938e-007 2.29032
2.37833e-007 2.29444
2.30209e-007 2.31067
2.26747e-007 2.3188
2.14438e-007 2.35227
2.13856e-007 2.35405
2.066e-007 2.38085
1.984e-007 2.41492
1.907e-007 2.45549
1.837e-007 2.50272
1.771e-007 2.56
1.722e-007 2.61146
1.675e-007 2.66669
1.631e-007 2.73241
1.59e-007 2.80898
1.55e-007 2.8968
1.531e-007 2.94466
1.512e-007 2.9929
1.494e-007 3.05201
1.476e-007 3.11169
1.459e-007 3.17906
1.442e-007 3.25074
1.425e-007 3.33051
1.409e-007 3.42233
1.393e-007 3.51913
1.378e-007 3.62486
1.362e-007 3.74371
1.348e-007 3.87623
1.333e-007 4.02289
1.319e-007 4.18836
1.305e-007 4.37332
1.291e-007 4.57367
1.278e-007 4.78194
1.265e-007 5.00282
1.252e-007 5.19757
1.24e-007 5.32457
1.228e-007 5.22662
1.215e-007 4.50638
1.21e-007 3.975
1.204e-007 3.33868
1.198e-007 2.58006
1.192e-007 1.86308
1.187e-007 1.40643
1.181e-007 1.22339
1.17e-007 1.39067
1.159e-007 1.76354
1.148e-007 2.13665
1.137e-007 2.52674
1.127e-007 2.70036
1.107e-007 2.60323
1.088e-007 2.28856
1.069e-007 1.93534
1.051e-007 1.65104
1.033e-007 1.4343
1.012e-007 1.30912
9.919e-008 1.28384
9.724e-008 1.29563
9.537e-008 1.31342
9.357e-008 1.30962
9.184e-008 1.25714
9.017e-008 1.11038
8.856e-008 0.947361
8.7e-008 0.862224
8.551e-008 0.833584
8.405e-008 0.834504
8.266e-008 0.858703
8.13e-008 0.873288
7.999e-008 0.889168
7.872e-008 0.893475
7.749e-008 0.859495
7.63e-008 0.793167
7.514e-008 0.722744
7.402e-008 0.678151
7.293e-008 0.55936
7.187e-008 0.478731
7.085e-008 0.435501
6.985e-008 0.416264
6.888e-008 0.408905
6.701e-008 0.401
6.526e-008 0.397579
6.358e-008 0.396872
6.199e-008 0.395656
6e-008 0.496035
5.904e-008 0.403029
5.9e-008 0.491877
5.8e-008 0.489749
5.7e-008 0.491389
5.636e-008 0.404809
5.6e-008 0.502341
5.5e-008 0.50922
5.4e-008 0.519264
5.391e-008 0.41072
5.3e-008 0.523765
5.2e-008 0.531987
5.166e-008 0.426384
5.1e-008 0.542732
5e-008 0.554809
4.959e-008 0.431664
4.9e-008 0.566892
4.8e-008 0.579964
4.7e-008 0.598469
4.6e-008 0.6132
4.5e-008 0.62816
4.4e-008 0.643125
4.3e-008 0.657789
4.2e-008 0.671521
4.1e-008 0.685464
4e-008 0.699865
3.9e-008 0.715428
3.8e-008 0.731187
3.7e-008 0.740516
3.6e-008 0.754729
3.5e-008 0.765155
3.4e-008 0.777095
3.3e-008 0.791421
3.2e-008 0.802965
3.1e-008 0.814185
3e-008 0.825469
2.9e-008 0.828124
2.8e-008 0.836181
2.7e-008 0.843064
2.6e-008 0.823739
2.5e-008 0.835564
2.4e-008 0.847112
2.3e-008 0.85681
2.2e-008 0.867981
2.1e-008 0.87906
2e-008 0.885212
1.9e-008 0.893415
1.8e-008 0.903421
1.7e-008 0.913723
1.6e-008 0.922626
1.5e-008 0.927744
1.38e-008 0.949934
1.36e-008 0.952685
1.34e-008 0.954453
1.32e-008 0.956024
1.3e-008 0.958187
1.28e-008 0.959167
1.26e-008 0.960935
1.24e-008 0.962901
1.22e-008 0.964867
1.2e-008 0.968017
1.18e-008 0.971745
1.16e-008 0.973465
1.14e-008 0.965643
1.12e-008 0.96463
1.1e-008 0.968962
1.08e-008 0.969733
1.06e-008 0.968361
1.04e-008 0.970353
1.02e-008 0.97311
1e-008 0.974865
9.8e-009 0.974441
9.6e-009 0.973651
9.4e-009 0.971672
9.2e-009 0.970899
9e-009 0.970718
8.8e-009 0.971131
8.6e-009 0.97213
8.4e-009 0.973124
8.2e-009 0.974313
8.051e-009 0.975103
7.847e-009 0.97649
7.653e-009 0.977484
7.469e-009 0.978676
7.293e-009 0.97967
7.125e-009 0.980546
6.965e-009 0.981421
6.812e-009 0.982216
6.63e-009 0.983151
6.491e-009 0.983848
6.325e-009 0.984664
6.168e-009 0.98542
6.018e-009 0.986117
5.876e-009 0.986754
5.74e-009 0.987372
5.61e-009 0.987929
5.462e-009 0.988567
5.344e-009 0.989045
5.209e-009 0.989583
5.081e-009 0.990101
4.959e-009 0.990559
4.843e-009 0.990997
4.732e-009 0.991416
4.609e-009 0.991855
4.508e-009 0.992193
4.396e-009 0.992592
4.29e-009 0.992931
4.188e-009 0.99327
4.092e-009 0.993569
3.986e-009 0.993908
3.899e-009 0.994168
3.803e-009 0.994447
3.712e-009 0.994707
3.625e-009 0.994946
3.532e-009 0.995205
3.453e-009 0.995425
3.369e-009 0.995644
3.289e-009 0.995844
3.212e-009 0.996044
3.131e-009 0.996243
3.054e-009 0.996423
2.987e-009 0.996563
2.91e-009 0.996743
2.844e-009 0.996902
2.774e-009 0.997042
2.707e-009 0.997182
2.643e-009 0.997322
2.583e-009 0.997442
2.52e-009 0.997561
2.46e-009 0.997681
2.403e-009 0.997781
2.344e-009 0.997881
2.287e-009 0.997981
2.234e-009 0.998081
2.179e-009 0.998181
2.127e-009 0.998261
2.077e-009 0.998341
2.026e-009 0.998421
1.977e-009 0.9985
1.931e-009 0.99856
1.884e-009 0.99864
1.839e-009 0.9987
1.797e-009 0.99876
1.754e-009 0.99882
1.71e-009 0.99888
1.671e-009 0.99892
1.631e-009 0.99898
1.592e-009 0.99902
1.554e-009 0.99908
1.516e-009 0.99912
1.479e-009 0.99916
1.445e-009 0.9992
1.41e-009 0.99924
1.376e-009 0.99928
1.343e-009 0.9993
1.312e-009 0.99934
1.281e-009 0.99936
1.25e-009 0.9994
1.22e-009 0.99942
1.191e-009 0.99946
1.162e-009 0.99948
1.134e-009 0.9995
1.108e-009 0.99952
1.081e-009 0.99956
1.055e-009 0.99958
1.03e-009 0.9996
1.005e-009 0.99962
9.816e-010 0.99962
9.581e-010 0.99964
9.35e-010 0.99966
9.129e-010 0.99968
8.906e-010 0.9997
8.694e-010 0.9997
8.492e-010 0.99972
8.287e-010 0.99974
8.087e-010 0.99974
7.897e-010 0.99976
7.705e-010 0.99978
7.523e-010 0.99978
7.345e-010 0.9998
7.166e-010 0.9998
6.997e-010 0.99982
6.831e-010 0.99982
6.665e-010 0.99982
6.508e-010 0.99984
6.351e-010 0.99984
6.199e-010 0.99986
