0.0005 0.0311236
0.00025 0.0272414
0.0001667 0.0337732
0.000125 0.0466956
0.0001 0.0625506
4e-005 0.1932
3.636e-005 0.240464
3.333e-005 0.29614
3.077e-005 0.420256
2.857e-005 0.62088
2.667e-005 1.00973
2.5e-005 2.17477
2.381e-005 4.29811
2.273e-005 7.57488
2.174e-005 10.5706
2.128e-005 7.09352
2.105e-005 4.44888
2.083e-005 2.79632
2.041e-005 1.47891
2e-005 1.08767
1.961e-005 0.928214
1.923e-005 0.8715
1.897e-005 0.875394
1.852e-005 0.84227
1.786e-005 0.796852
1.724e-005 0.739728
1.667e-005 0.6815
1.6e-005 0.606808
1.538e-005 0.56602
1.481e-005 0.536928
1.429e-005 0.515902
1.379e-005 0.533172
1.333e-005 0.621624
1.316e-005 0.683136
1.299e-005 0.82174
1.282e-005 0.99605
1.266e-005 1.12349
1.25e-005 1.20256
1.235e-005 1.16008
1.22e-005 1.07107
1.205e-005 0.86241
1.19e-005 0.660552
1.176e-005 0.502208
1.163e-005 0.39208
1.136e-005 0.27652
1.111e-005 0.189143
1.081e-005 0.187496
1.053e-005 0.453696
1.026e-005 1.13098
1e-005 2.74249
9.756e-006 5.46224
9.524e-006 9.108
9.302e-006 10.17
9.174e-006 8.50016
9.091e-006 5.3193
9.009e-006 2.65408
8.929e-006 1.37085
8.85e-006 1.09028
8.772e-006 1.03356
8.696e-006 1.00831
8.621e-006 0.976482
8.547e-006 0.910714
8.475e-006 0.857128
8.403e-006 0.79464
8.333e-006 0.70932
8.265e-006 0.637824
8.197e-006 0.549783
8.13e-006 0.444612
8.065e-006 0.350645
8e-006 0.2657
7.937e-006 0.202046
7.874e-006 0.144038
7.813e-006 0.0957235
7.752e-006 0.0667108
7.692e-006 0.0574294
7.634e-006 0
7.576e-006 0
7.519e-006 0
7.463e-006 0
7.407e-006 0.0280845
7.353e-006 0
7.246e-006 0
7.143e-006 0.0223236
7.042e-006 0
6.944e-006 0
6.849e-006 0
6.757e-006 0
6.667e-006 0.016826
6.452e-006 0.0159257
6.25e-006 0.0161566
5.882e-006 0.0151826
5.556e-006 0.0147056
5e-006 0.0106823
4.545e-006 0.00069888
4.167e-006 0.000295962
3.846e-006 0.000138384
3.7067e-006 0
3.5564e-006 0
3.507e-006 0
3.422e-006 0
3.3026e-006 0
3.2668e-006 0
3.2439e-006 0
2.4374e-006 0
2.32542e-006 0
2.1526e-006 0
2.0581e-006 0
1.97009e-006 0
1.81307e-006 0
1.70913e-006 0
1.6932e-006 0
1.681e-006 0
1.6606e-006 0
1.52952e-006 0
1.4695e-006 0
1.39506e-006 0
1.3622e-006 0
1.12866e-006 0
1.08297e-006 0
1.01398e-006 0
8.9435e-007 0
8.52111e-007 0
7.06519e-007 0
6.67815e-007 0
6.56272e-007 0
6.43847e-007 0
5.89262e-007 0
5.87561e-007 0
5.79065e-007 0
5.76959e-007 0
5.46074e-007 0
5.08582e-007 0
4.86133e-007 0
4.67816e-007 0
4.35835e-007 0
4.04656e-007 0
3.65015e-007 0
3.61051e-007 0
3.4662e-007 0
3.40365e-007 0
3.34148e-007 0
3.30259e-007 0
3.0215e-007 0
2.96728e-007 0
2.8936e-007 0
2.80347e-007 0
2.75278e-007 0
2.69885e-007 0
2.65204e-007 0
2.48272e-007 0
2.39938e-007 0
2.37833e-007 0
2.30209e-007 0
2.26747e-007 0
2.14438e-007 0
2.13856e-007 0
2.066e-007 0
1.984e-007 0
1.907e-007 0
1.837e-007 0
1.771e-007 0
1.722e-007 0
1.675e-007 0
1.631e-007 0
1.59e-007 1.57544e-005
1.55e-007 0.00108928
1.531e-007 0.000418704
1.512e-007 0.00160198
1.494e-007 0.0048916
1.476e-007 0.0111838
1.459e-007 0.0198626
1.442e-007 0.0302183
1.425e-007 0.039785
1.409e-007 0.04884
1.393e-007 0.0585312
1.378e-007 0.0719712
1.362e-007 0.088236
1.348e-007 0.10672
1.333e-007 0.136007
1.319e-007 0.176042
1.305e-007 0.234722
1.291e-007 0.32956
1.278e-007 0.52122
1.265e-007 0.753648
1.252e-007 1.08182
1.24e-007 1.50518
1.228e-007 2.14544
1.215e-007 3.2032
1.21e-007 3.48624
1.204e-007 3.7888
1.198e-007 4.0299
1.192e-007 4.00472
1.187e-007 3.7506
1.181e-007 3.47874
1.17e-007 2.72738
1.159e-007 2.19385
1.148e-007 1.96153
1.137e-007 1.90631
1.127e-007 1.97898
1.107e-007 2.53598
1.088e-007 2.77992
1.069e-007 2.80893
1.051e-007 2.71639
1.033e-007 2.53995
1.012e-007 2.32368
9.919e-008 2.19344
9.724e-008 2.1019
9.537e-008 2.04379
9.357e-008 2.07021
9.184e-008 2.11265
9.017e-008 2.0988
8.856e-008 2.04424
8.7e-008 1.95755
8.551e-008 1.84269
8.405e-008 1.73665
8.266e-008 1.6609
8.13e-008 1.63147
7.999e-008 1.63142
7.872e-008 1.65627
7.749e-008 1.68065
7.63e-008 1.70394
7.514e-008 1.71687
7.402e-008 1.71972
7.293e-008 1.64659
7.187e-008 1.57178
7.085e-008 1.4985
6.985e-008 1.42545
6.888e-008 1.36277
6.701e-008 1.25516
6.526e-008 1.16358
6.358e-008 1.07765
6.199e-008 1.00503
6e-008 0.856828
5.904e-008 0.87662
5.9e-008 0.820364
5.8e-008 0.79242
5.7e-008 0.7497
5.636e-008 0.76512
5.6e-008 0.71294
5.5e-008 0.670752
5.4e-008 0.62909
5.391e-008 0.671832
5.3e-008 0.593652
5.2e-008 0.552916
5.166e-008 0.56475
5.1e-008 0.517776
5e-008 0.4818
4.959e-008 0.47645
4.9e-008 0.453456
4.8e-008 0.43632
4.7e-008 0.4065
4.6e-008 0.380722
4.5e-008 0.358392
4.4e-008 0.334108
4.3e-008 0.31654
4.2e-008 0.30204
4.1e-008 0.28561
4e-008 0.265512
3.9e-008 0.247104
3.8e-008 0.237284
3.7e-008 0.22272
3.6e-008 0.21048
3.5e-008 0.199332
3.4e-008 0.190032
3.3e-008 0.17542
3.2e-008 0.169388
3.1e-008 0.166888
3e-008 0.16434
2.9e-008 0.149847
2.8e-008 0.137625
2.7e-008 0.125215
2.6e-008 0.132205
2.5e-008 0.119132
2.4e-008 0.106606
2.3e-008 0.0964184
2.2e-008 0.0861907
2.1e-008 0.0820336
2e-008 0.0704317
1.9e-008 0.0633686
1.8e-008 0.0534406
1.7e-008 0.0466626
1.6e-008 0.0434282
1.5e-008 0.0383433
1.38e-008 0.0200788
1.36e-008 0.0181555
1.34e-008 0.0169998
1.32e-008 0.0162315
1.3e-008 0.0148793
1.28e-008 0.0148869
1.26e-008 0.0143124
1.24e-008 0.0137382
1.22e-008 0.0133593
1.2e-008 0.0127907
1.18e-008 0.014787
1.16e-008 0.020918
1.14e-008 0.031253
1.12e-008 0.0182689
1.1e-008 0.0177192
1.08e-008 0.019499
1.06e-008 0.0188947
1.04e-008 0.0163527
1.02e-008 0.0167705
1e-008 0.0191556
9.8e-009 0.0219158
9.6e-009 0.021907
9.4e-009 0.0224762
9.2e-009 0.0210876
9e-009 0.0195089
8.8e-009 0.0175419
8.6e-009 0.0159732
8.4e-009 0.0149948
8.2e-009 0.0144117
8.051e-009 0.0144175
7.847e-009 0.013815
7.653e-009 0.0130904
7.469e-009 0.0122475
7.293e-009 0.0114817
7.125e-009 0.0107738
6.965e-009 0.0101247
6.812e-009 0.00955401
6.63e-009 0.00886446
6.491e-009 0.0083518
6.325e-009 0.00774002
6.168e-009 0.00720693
6.018e-009 0.00669309
5.876e-009 0.0062383
5.74e-009 0.00580303
5.61e-009 0.00540709
5.462e-009 0.00497135
5.344e-009 0.00465431
5.209e-009 0.00429745
5.081e-009 0.00398016
4.959e-009 0.0036825
4.843e-009 0.00340458
4.732e-009 0.00316633
4.609e-009 0.00290809
4.508e-009 0.00270936
4.396e-009 0.00249073
4.29e-009 0.00231179
4.188e-009 0.00213279
4.092e-009 0.00197562
3.986e-009 0.00181246
3.899e-009 0.00168307
3.803e-009 0.00154968
3.712e-009 0.0014302
3.625e-009 0.00132065
3.532e-009 0.00121109
3.453e-009 0.00112342
3.369e-009 0.00103374
3.289e-009 0.000952016
3.212e-009 0.000878258
3.131e-009 0.000806481
3.054e-009 0.000740672
2.987e-009 0.000686817
2.91e-009 0.000628973
2.844e-009 0.000579101
2.774e-009 0.00053321
2.707e-009 0.000489309
2.643e-009 0.000451394
2.583e-009 0.000415468
2.52e-009 0.000381534
2.46e-009 0.000351592
2.403e-009 0.00032364
2.344e-009 0.000297684
2.287e-009 0.000992996
2.234e-009 0.000915121
2.179e-009 0.000839236
2.127e-009 0.000771328
2.077e-009 0.000711409
2.026e-009 0.000653483
1.977e-009 0.000601549
1.931e-009 0.000553601
1.884e-009 0.000507655
1.839e-009 0.000465697
1.797e-009 0.000429733
1.754e-009 0.000395766
1.71e-009 0.000361797
1.671e-009 0.00033382
1.631e-009 0.000307843
1.592e-009 0.000281862
1.554e-009 0.000257881
1.516e-009 0.000235896
1.479e-009 0.000215909
1.445e-009 0.000198521
1.41e-009 0.000182331
1.376e-009 0.00016714
1.343e-009 0.000153746
1.312e-009 0.000141153
1.281e-009 0.000129359
1.25e-009 0.000118364
1.22e-009 0.000108369
1.191e-009 9.93732e-005
1.162e-009 9.07764e-005
1.134e-009 8.31792e-005
1.108e-009 7.61817e-005
1.081e-009 6.95847e-005
1.055e-009 6.37866e-005
1.03e-009 5.83883e-005
1.005e-009 5.33899e-005
9.816e-010 4.89907e-005
9.581e-010 4.47919e-005
9.35e-010 4.07931e-005
9.129e-010 3.7394e-005
8.906e-010 3.41949e-005
8.694e-010 3.11953e-005
8.492e-010 2.8596e-005
8.287e-010 2.61966e-005
8.087e-010 2.37969e-005
7.897e-010 2.17974e-005
7.705e-010 1.98778e-005
7.523e-010 1.8158e-005
7.345e-010 1.65983e-005
7.166e-010 1.51185e-005
6.997e-010 1.37988e-005
6.831e-010 1.25989e-005
6.665e-010 3.87965e-005
6.508e-010 3.55972e-005
6.351e-010 3.27974e-005
6.199e-010 2.99979e-005
