9.88181e-07 5.35851
9.82509e-07 5.36122
9.76869e-07 5.36396
9.71262e-07 5.36673
9.65687e-07 5.36953
9.60144e-07 5.37236
9.54633e-07 5.37522
9.49153e-07 5.37811
9.43705e-07 5.38103
9.38288e-07 5.38399
9.32903e-07 5.38697
9.27548e-07 5.39
9.22224e-07 5.39305
9.1693e-07 5.39615
9.11667e-07 5.39927
9.06434e-07 5.40244
9.01231e-07 5.40564
8.96058e-07 5.40887
8.90915e-07 5.41215
8.85801e-07 5.41546
8.80717e-07 5.41882
8.75662e-07 5.42221
8.70635e-07 5.42565
8.65638e-07 5.42912
8.60669e-07 5.43264
8.55729e-07 5.43621
8.50817e-07 5.43981
8.45934e-07 5.44346
8.41078e-07 5.44716
8.3625e-07 5.4509
8.3145e-07 5.45469
8.26678e-07 5.45853
8.21933e-07 5.46241
8.17215e-07 5.46635
8.12524e-07 5.47034
8.0786e-07 5.47438
8.03223e-07 5.47847
7.98613e-07 5.48261
7.94029e-07 5.48681
7.89471e-07 5.49106
7.8494e-07 5.49537
7.80434e-07 5.49974
7.75955e-07 5.50416
7.71501e-07 5.50865
7.67072e-07 5.51319
7.62669e-07 5.5178
7.58292e-07 5.52247
7.53939e-07 5.5272
7.49612e-07 5.532
7.45309e-07 5.53687
7.41031e-07 5.5418
7.36777e-07 5.5468
7.32548e-07 5.55187
7.28344e-07 5.55701
7.24163e-07 5.56223
7.20006e-07 5.56752
7.15874e-07 5.57289
7.11765e-07 5.57833
7.07679e-07 5.58385
7.03617e-07 5.58945
6.99578e-07 5.59513
6.95563e-07 5.6009
6.9157e-07 5.60675
6.87601e-07 5.61269
6.83654e-07 5.61871
6.7973e-07 5.62483
6.75828e-07 5.63104
6.71949e-07 5.63734
6.68092e-07 5.64374
6.64257e-07 5.65023
6.60444e-07 5.65683
6.56654e-07 5.66352
6.52884e-07 5.67032
6.49137e-07 5.67722
6.45411e-07 5.68424
6.41706e-07 5.69136
6.38023e-07 5.6986
6.34361e-07 5.70595
6.3072e-07 5.71342
6.27099e-07 5.721
6.235e-07 5.72871
6.19921e-07 5.73655
6.16363e-07 5.74451
6.12825e-07 5.75261
6.09307e-07 5.76084
6.0581e-07 5.7692
6.02333e-07 5.7777
5.98875e-07 5.78635
5.95438e-07 5.79515
5.9202e-07 5.80409
5.88622e-07 5.81319
5.85243e-07 5.82244
5.81884e-07 5.83185
5.78544e-07 5.84143
5.75223e-07 5.85117
5.71921e-07 5.86109
5.68639e-07 5.87118
5.65375e-07 5.88146
5.62129e-07 5.89192
5.58903e-07 5.90257
5.55695e-07 5.91341
5.52505e-07 5.92445
5.49334e-07 5.9357
5.46181e-07 5.94716
5.43046e-07 5.95883
5.39929e-07 5.97072
5.36829e-07 5.98284
5.33748e-07 5.9952
5.30684e-07 6.00779
5.27638e-07 6.02063
5.2461e-07 6.03372
5.21598e-07 6.04707
5.18605e-07 6.06069
5.15628e-07 6.07458
5.12668e-07 6.08876
5.09725e-07 6.10323
5.068e-07 6.11799
5.03891e-07 6.13307
5.00998e-07 6.14846
4.98123e-07 6.16419
4.95264e-07 6.18025
4.92421e-07 6.19666
4.89594e-07 6.21342
4.86784e-07 6.23057
4.8399e-07 6.24809
4.81212e-07 6.26601
4.7845e-07 6.28435
4.75703e-07 6.30311
4.72973e-07 6.3223
4.70258e-07 6.34195
4.67559e-07 6.36208
4.64875e-07 6.38269
4.62207e-07 6.40381
4.59554e-07 6.42545
4.56916e-07 6.44765
4.54293e-07 6.47041
4.51686e-07 6.49376
4.49093e-07 6.51772
4.46515e-07 6.54233
4.43952e-07 6.56761
4.41404e-07 6.59358
4.3887e-07 6.62028
4.36351e-07 6.64774
4.33847e-07 6.676
4.31356e-07 6.70509
4.28881e-07 6.73505
4.26419e-07 6.76594
4.23971e-07 6.79779
4.21538e-07 6.83065
4.19118e-07 6.86459
4.16712e-07 6.89966
4.1432e-07 6.93593
4.11942e-07 6.97346
4.09578e-07 7.01233
4.07227e-07 7.05262
4.04889e-07 7.09444
4.02565e-07 7.13787
4.00255e-07 7.18303
3.97957e-07 7.23003
3.95673e-07 7.27902
3.93402e-07 7.33013
3.91144e-07 7.38353
3.88899e-07 7.4394
3.86666e-07 7.49793
3.84447e-07 7.55935
3.8224e-07 7.62388
3.80046e-07 7.6918
3.77865e-07 7.76337
3.75696e-07 7.83891
3.73539e-07 7.91873
3.71395e-07 8.00315
3.69263e-07 8.0925
3.67144e-07 8.18702
3.65037e-07 8.28681
3.62941e-07 8.3916
3.60858e-07 8.50121
3.58787e-07 8.61553
3.56727e-07 8.73442
3.5468e-07 8.85772
3.52644e-07 8.98521
3.5062e-07 9.11654
3.48607e-07 9.25129
3.46606e-07 9.38888
3.44617e-07 9.52856
3.42639e-07 9.66937
3.40672e-07 9.81015
3.38716e-07 9.94951
3.36772e-07 10.0858
3.34839e-07 10.2172
3.32917e-07 10.3417
3.31006e-07 10.4571
3.29106e-07 10.5614
3.27217e-07 10.6526
3.25339e-07 10.7291
3.23472e-07 10.7896
3.21615e-07 10.8334
3.19769e-07 10.8604
3.17934e-07 10.871
3.16109e-07 10.8661
3.14294e-07 10.8469
3.1249e-07 10.8147
3.10696e-07 10.7706
3.08913e-07 10.7155
3.0714e-07 10.6498
3.05377e-07 10.5736
3.03624e-07 10.4864
3.01881e-07 10.3871
3.00149e-07 10.2747
2.98426e-07 10.1478
2.96713e-07 10.0051
2.9501e-07 9.84544
2.93316e-07 9.66798
2.91633e-07 9.47243
2.89959e-07 9.25905
2.88294e-07 9.02874
2.8664e-07 8.78303
2.84994e-07 8.52405
2.83359e-07 8.25438
2.81732e-07 7.97699
2.80115e-07 7.695
2.78507e-07 7.41156
2.76909e-07 7.1297
2.75319e-07 6.85215
2.73739e-07 6.58131
2.72168e-07 6.31914
2.70605e-07 6.06718
2.69052e-07 5.82651
2.67508e-07 5.59781
2.65972e-07 5.3814
2.64446e-07 5.17731
2.62928e-07 4.98531
2.61419e-07 4.80499
2.59918e-07 4.63582
2.58426e-07 4.47718
2.56943e-07 4.32838
2.55468e-07 4.18874
2.54002e-07 4.05758
2.52544e-07 3.93424
2.51094e-07 3.81811
2.49653e-07 3.70862
2.4822e-07 3.60523
2.46795e-07 3.5075
2.45378e-07 3.41498
2.4397e-07 3.32731
2.4257e-07 3.24415
2.41177e-07 3.16524
2.39793e-07 3.0903
2.38417e-07 3.01912
2.37048e-07 2.95152
2.35687e-07 2.88731
2.34335e-07 2.82637
2.32989e-07 2.76856
2.31652e-07 2.71375
2.30322e-07 2.66185
2.29e-07 2.61276
2.27686e-07 2.56638
2.26379e-07 2.52264
2.2508e-07 2.48144
2.23788e-07 2.4427
2.22503e-07 2.40635
2.21226e-07 2.3723
2.19956e-07 2.34047
2.18694e-07 2.31078
2.17438e-07 2.28314
2.1619e-07 2.25748
2.14949e-07 2.2337
2.13716e-07 2.21171
2.12489e-07 2.19143
2.11269e-07 2.17276
2.10057e-07 2.15561
2.08851e-07 2.13988
2.07652e-07 2.12546
2.0646e-07 2.11227
2.05275e-07 2.10019
2.04097e-07 2.08911
2.02925e-07 2.07894
2.01761e-07 2.06954
2.00602e-07 2.06082
1.99451e-07 2.05264
1.98306e-07 2.04489
1.97168e-07 2.03745
1.96036e-07 2.03017
1.94911e-07 2.02293
1.93792e-07 2.01559
1.9268e-07 2.008
1.91574e-07 2.00003
1.90474e-07 1.99151
1.89381e-07 1.9823
1.88294e-07 1.97223
1.87213e-07 1.96115
1.86139e-07 1.94888
1.8507e-07 1.93526
1.84008e-07 1.92013
1.82952e-07 1.90331
1.81902e-07 1.88464
1.80857e-07 1.86396
1.79819e-07 1.84111
1.78787e-07 1.81595
1.77761e-07 1.78834
1.76741e-07 1.75815
1.75726e-07 1.72528
1.74717e-07 1.68966
1.73715e-07 1.65122
1.72717e-07 1.60992
1.71726e-07 1.56578
1.7074e-07 1.51881
1.6976e-07 1.4691
1.68786e-07 1.41674
1.67817e-07 1.36187
1.66854e-07 1.30469
1.65896e-07 1.24539
1.64944e-07 1.18424
1.63997e-07 1.12151
1.63056e-07 1.05749
1.6212e-07 0.992519
1.61189e-07 0.926919
1.60264e-07 0.861032
1.59344e-07 0.7952
1.5843e-07 0.72976
1.5752e-07 0.665041
1.56616e-07 0.601361
1.55717e-07 0.539028
1.54823e-07 0.478334
1.53935e-07 0.41956
1.53051e-07 0.362977
1.52173e-07 0.308845
1.51299e-07 0.257416
1.50431e-07 0.208928
1.49567e-07 0.163608
1.48709e-07 0.121665
1.47855e-07 0.0832814
1.47006e-07 0.0486133
1.46163e-07 0.0177793
1.45324e-07 -0.00914192
1.4449e-07 -0.032114
1.4366e-07 -0.0511433
1.42836e-07 -0.0662764
1.42016e-07 -0.0775949
1.41201e-07 -0.0852087
1.4039e-07 -0.0892472
1.39584e-07 -0.08985
1.38783e-07 -0.0871549
1.37986e-07 -0.0812841
1.37194e-07 -0.072322
1.36407e-07 -0.0602687
1.35624e-07 -0.0448025
1.34845e-07 -0.0256564
1.34071e-07 -0.00409276
1.33302e-07 0.019221
1.32537e-07 0.0438318
1.31776e-07 0.069386
1.3102e-07 0.0955937
1.30268e-07 0.122211
1.2952e-07 0.149031
1.28776e-07 0.175875
1.28037e-07 0.202592
1.27302e-07 0.22905
1.26572e-07 0.255138
1.25845e-07 0.280758
1.25123e-07 0.305829
1.24405e-07 0.330282
1.2369e-07 0.354057
1.22981e-07 0.377107
1.22275e-07 0.399392
1.21573e-07 0.420878
1.20875e-07 0.441541
1.20181e-07 0.461362
